mobilenet(90mb) yolo for now
{0: 0.3591485066959352, 1: 0.4799264063061356, 2: 0.27678250127775506, 3: 0.18525630459317552, 4: 0.1856341346843853, 5: 0.4213993492249805, 6: 0.5557082990849542, 7: 0.5354505684579993, 8: 0.08985906244709742, 9: 0.2634208287073378, 10: 0.29510448202467526, 11: 0.37184697014452545, 12: 0.5202075770926917, 13: 0.4606517626648957, 14: 0.4465991496295613, 15: 0.09938013327134666, 16: 0.23366393990258302, 17: 0.36219201556639813, 18: 0.45373021331181074, 19: 0.34930065506530866}
aeroplane: 0.3591
bicycle: 0.4799
bird: 0.2768
boat: 0.1853
bottle: 0.1856
bus: 0.4214
car: 0.5557
cat: 0.5355
chair: 0.0899
cow: 0.2634
diningtable: 0.2951
dog: 0.3718
horse: 0.5202
motorbike: 0.4607
person: 0.4466
pottedplant: 0.0994
sheep: 0.2337
sofa: 0.3622
train: 0.4537
tvmonitor: 0.3493
mAP: 0.3473

small mobilenet 
first loss : ep003-loss51.479-val_loss46.044.h5
middle loss : ep024-loss21.759-val_loss23.990.h5
last loss : last_loss15.9165-val_loss15.9165.h5
