small mobilenet(27mb) yolo for now
{0: 0.2886880500915588, 1: 0.49941118603127055, 2: 0.2444640965334233, 3: 0.16006168349920366, 4: 0.1948608902713586, 5: 0.5300083075861101, 6: 0.5409369836908366, 7: 0.5067628271579261, 8: 0.10056515957446807, 9: 0.3287429704172446, 10: 0.23961672473867596, 11: 0.41025285247998355, 12: 0.47350048872418604, 13: 0.4251144456578134, 14: 0.42984661736129237, 15: 0.09929483514389173, 16: 0.23318323608432168, 17: 0.3794570650635555, 18: 0.4837190072005488, 19: 0.3191247696198191}
aeroplane: 0.2887
bicycle: 0.4994
bird: 0.2445
boat: 0.1601
bottle: 0.1949
bus: 0.5300
car: 0.5409
cat: 0.5068
chair: 0.1006
cow: 0.3287
diningtable: 0.2396
dog: 0.4103
horse: 0.4735
motorbike: 0.4251
person: 0.4298
pottedplant: 0.0993
sheep: 0.2332
sofa: 0.3795
train: 0.4837
tvmonitor: 0.3191
mAP: 0.3444

small mobilenet 
first loss : ep003-loss113.347-val_loss94.183
middle loss : ep027-loss19.193-val_loss21.659.h5
last loss : last_loss14.0924-val_loss14.0924
